61	1(9146)	20(2580)	163(448)	155(5301)	24(7906)	190(9775)	173(4803)	56(1315)	131(6924)	195(8928)	159(49)	42(8096)	87(9053)	115(3324)	33(1837)	196(5577)	171(6888)	32(3332)
147	26(5759)	132(2847)	124(9014)	96(6736)	167(5546)	58(2267)	41(1858)	130(9251)	149(6379)	93(7807)	163(7221)	95(1278)	59(2651)	5(1087)	34(9758)	38(8391)
51	80(7589)	138(8755)	159(3017)	31(3739)	120(5675)	109(662)	67(4225)	137(1096)	132(6107)	189(8899)	26(9329)	72(4882)	181(158)	5(22)	10(5578)	176(1625)
102	172(6572)	67(5417)	178(1334)	161(8230)	63(5806)	65(1652)	98(8330)	66(3328)	24(8731)	58(6906)	64(4635)	177(4462)	69(1172)	72(3377)	137(6814)	117(2689)	183(9634)	140(6370)	21(6643)	144(7884)	181(3585)
50	20(9507)	198(3798)	13(758)	152(5767)	98(990)	128(2987)	153(4905)	185(3968)	52(9931)	31(2598)	179(2502)	189(7031)	127(3622)	191(5026)	112(6454)	77(5220)	165(2667)	187(2485)
45	57(4630)	130(4994)	169(662)	124(3290)	110(8317)	13(1794)	112(9496)	86(8207)	120(5279)	162(3436)	167(1163)	23(8074)	17(5114)	170(8060)	118(5918)
161	62(4144)	127(6643)	69(6171)	88(1726)	136(3866)	42(4792)	79(8395)	126(4512)	56(9811)	28(9217)	102(8230)	152(6939)	14(4275)	23(6863)	78(6310)	196(9729)
76	115(7291)	185(3674)	143(1079)	178(8433)	100(1793)	181(3275)	125(1865)	200(4623)	199(6878)	9(9340)	89(6942)	28(3705)	114(9690)	141(1969)	126(9595)	47(2138)	3(7729)	138(5683)	83(4424)
177	118(8279)	102(4462)	53(9852)	82(7882)	143(3884)	178(7547)	86(7010)	64(7660)	14(6741)	60(5345)	3(7097)	92(3182)	24(393)	190(1332)	8(8508)	170(2774)	169(2274)	32(6902)	43(9544)	22(8713)
95	120(1104)	91(1806)	147(1278)	125(2917)	63(5264)	173(4092)	19(8691)	65(6605)	105(6026)	196(231)	26(36)	9(9480)	81(7627)	84(3812)	119(8126)	112(555)	18(6122)
164	195(9730)	105(4661)	43(6849)	74(8627)	24(7312)	141(6499)	112(1492)	120(5926)	172(9550)	184(9774)	153(8748)	10(3866)	183(615)	176(8681)	42(347)	87(3629)	170(328)
116	28(2638)	10(1493)	107(9864)	82(8491)	186(8639)	105(7899)	57(656)	4(6771)	192(5906)	179(8099)	32(6065)	62(7419)	176(4512)	78(2732)	26(4221)	113(8036)
146	72(4264)	107(7862)	7(4823)	18(9000)	31(2837)	167(52)	47(2959)	68(3895)	188(5715)	5(5308)	127(8151)	134(9556)	17(5362)	38(4400)	115(9828)	22(3620)	60(2317)
94	57(558)	170(9318)	115(3350)	87(9647)	30(6976)	191(8318)	109(1299)	14(3551)	66(3424)	92(6085)	120(2733)	88(4629)	15(9606)	139(7116)	69(1427)	171(9959)
192	91(6625)	163(2762)	148(4834)	97(6411)	77(561)	39(7454)	169(8603)	49(3113)	22(4606)	27(5344)	85(544)	122(1494)	114(6813)	173(2550)	116(5906)	104(4219)
170	1(2620)	198(8089)	154(5971)	45(8060)	94(9318)	119(275)	136(1529)	177(2774)	164(328)	18(4989)	44(6940)	2(9342)	71(1539)	33(3648)	84(2436)
114	35(490)	193(4000)	47(9480)	129(168)	107(2032)	22(9960)	194(949)	141(6388)	72(8350)	115(3112)	152(9627)	53(7352)	1(508)	17(8915)	27(714)	189(3102)	76(9690)	31(7617)	180(8490)	111(2027)	192(6813)	117(7876)	103(1318)	29(9478)
17	114(8915)	108(1942)	190(7000)	178(7464)	26(1275)	142(8016)	9(7002)	12(4602)	5(2514)	117(6266)	45(5114)	140(6440)	54(3115)	66(6176)	83(4615)	69(3610)	153(8545)	173(7312)	146(5362)	8(3535)	70(3899)	166(4762)	2(5409)
142	104(6236)	150(2598)	100(2994)	37(6433)	5(1195)	169(7506)	71(6038)	17(8016)	18(332)	47(5297)	155(6613)	86(1663)	190(8070)	145(5378)	66(777)	81(424)	91(9164)	34(7791)	2(7731)
32	77(1689)	85(7494)	68(7352)	82(8571)	173(9631)	88(8129)	70(9909)	136(3823)	92(3395)	116(6065)	61(3332)	121(1615)	177(6902)	36(7329)	119(1914)
39	200(4319)	192(7454)	119(1376)	35(853)	44(9175)	42(5464)	180(9506)	115(983)	81(7400)	130(2414)	196(9267)	127(6103)	82(3528)	93(6132)	98(3993)	40(2489)	133(8145)
166	44(6953)	140(9829)	23(8077)	173(6917)	167(7080)	9(8702)	115(3001)	79(8726)	165(4221)	168(4399)	122(6712)	20(6086)	35(2816)	55(3686)	118(3979)	17(4762)	169(5530)	98(2364)
12	62(5676)	57(9416)	78(5753)	67(371)	34(6690)	128(7542)	38(6699)	53(7001)	59(761)	18(1520)	17(4602)	16(8068)	60(5933)	71(6734)	72(3626)
154	198(5078)	62(3238)	93(4073)	84(5421)	199(5786)	156(8062)	187(1808)	78(8423)	170(5971)	21(1845)	141(3188)	18(453)	49(2962)	168(6317)	41(901)	19(4320)	119(741)	20(2398)	200(229)	185(1448)	60(6667)
197	54(2223)	121(6502)	81(5540)	44(4900)	136(9068)	24(9337)	25(3875)	111(4083)	86(9714)	175(5909)	186(1324)	134(6225)	68(8223)	110(751)	185(3140)	104(4174)	139(1386)	195(5337)	37(9188)
169	109(382)	142(7506)	177(2274)	63(5160)	119(3511)	55(7795)	138(7498)	107(668)	15(7485)	175(9164)	20(5990)	192(8603)	158(1709)	54(2296)	140(2230)	14(4333)	45(662)	187(9225)	104(3712)	1(8700)	166(5530)
91	192(6625)	115(1105)	160(383)	181(5060)	174(3418)	142(9164)	41(7776)	38(7087)	95(1806)	3(2483)	137(4129)	200(1988)	113(4626)	52(424)	158(5553)
54	17(3115)	200(4899)	169(2296)	66(2906)	136(1794)	182(438)	46(9328)	138(6261)	188(4883)	112(2279)	4(313)	53(8361)	197(2223)	109(7832)	44(4113)	15(8983)
81	115(2608)	75(2609)	143(9810)	142(424)	141(4032)	183(3061)	197(5540)	97(8866)	64(9744)	109(2519)	39(7400)	184(4485)	65(3054)	11(7299)	95(7627)	101(4493)	71(1711)	136(1409)	5(2469)	89(6124)
152	65(3595)	50(5767)	79(6519)	58(5877)	48(5835)	46(9550)	189(8140)	111(1940)	109(2743)	90(4427)	114(9627)	62(7404)	161(6939)	80(9606)	27(2124)	115(4383)	193(5444)	19(9751)	93(6543)	9(1087)	8(1257)	199(2697)	186(2075)
168	8(2076)	154(6317)	122(1574)	173(3859)	22(4356)	10(9495)	59(4170)	27(1578)	151(9216)	70(1295)	87(9716)	133(899)	34(3923)	166(4399)	52(1134)	119(1890)	136(9519)	121(7186)	85(6193)	69(2357)
9	152(1087)	17(7002)	166(8702)	76(9340)	180(5995)	190(3613)	95(9480)	36(5284)	139(8701)	72(794)	70(2)	115(7827)	150(4539)	63(1753)	199(70)	131(700)	140(4163)
188	184(198)	54(4883)	52(7805)	146(5715)	186(5027)	125(230)	140(6223)	198(9114)	137(9117)	101(8531)	28(3816)	196(88)	138(892)	167(6549)	149(1003)	55(5181)	171(6981)	97(4695)	23(4236)	185(700)
98	200(2690)	144(7198)	93(6617)	78(6603)	6(5594)	143(4300)	67(980)	131(4614)	39(3993)	102(8330)	58(3677)	150(2093)	64(3909)	139(1235)	162(6139)	166(2364)	117(9545)	50(990)	115(5825)	155(5515)	60(2073)
10	137(5273)	31(1184)	88(2539)	135(4650)	164(3866)	57(9988)	7(2904)	184(3207)	11(8988)	168(9495)	116(1493)	51(5578)	171(2029)	78(3771)	62(4816)	187(4786)	96(807)
189	114(3102)	186(8128)	198(9430)	77(5702)	85(1147)	69(5215)	151(9732)	160(1530)	8(2780)	86(1115)	40(4263)	193(2375)	50(7031)	60(4415)	51(8899)	152(8140)	47(5939)	122(2017)
199	152(2697)	24(2838)	9(70)	167(2001)	34(8196)	59(8958)	65(11)	76(6878)	89(2446)	162(7749)	154(5786)	8(1918)	136(7783)	175(3779)	31(5564)
117	98(9545)	79(9043)	114(7876)	1(2597)	198(3936)	102(2689)	138(7762)	17(6266)	83(8516)	115(1399)	42(7074)	56(1934)	86(4220)	196(3366)	49(2896)
42	160(2382)	15(1789)	194(6498)	73(9154)	156(6539)	159(5951)	117(7074)	30(263)	137(4572)	70(9396)	6(7265)	39(5464)	163(1278)	164(347)	172(5383)	104(2726)	62(3249)	187(3075)	61(8096)	2(1689)	22(3783)	124(3496)	161(4792)	186(9391)	79(9404)	36(4917)	16(2596)	60(6663)
52	68(7601)	50(9931)	91(424)	97(9063)	137(9846)	150(634)	179(3504)	115(4973)	159(7816)	188(7805)	107(3647)	168(1134)	4(9267)	185(8925)	56(2416)
25	8(3949)	136(9251)	153(2477)	37(1591)	104(4899)	15(7019)	155(3242)	129(3005)	68(4188)	5(3496)	197(3875)	77(2729)	143(108)	48(3214)	11(5057)	115(9233)	72(2332)	137(5378)	83(9569)	132(219)	185(3573)
69	198(6284)	17(3610)	156(9959)	102(1172)	139(9030)	189(5215)	75(3354)	94(1427)	161(6171)	63(2323)	8(8815)	168(2357)	190(8022)	96(4815)	66(824)
77	160(105)	192(561)	13(8638)	19(7013)	63(5873)	11(815)	65(4069)	112(3500)	189(5702)	124(8896)	198(5081)	56(7923)	172(4771)	25(2729)	153(4483)	73(2438)	133(2481)	32(1689)	50(5220)	191(5135)	129(2337)	87(7040)	106(9161)
60	189(4415)	107(52)	172(2781)	200(3269)	112(2570)	154(6667)	185(6670)	120(2231)	42(6663)	146(2317)	177(5345)	26(701)	14(2464)	127(1402)	12(5933)	98(2073)
93	181(4071)	74(5576)	150(9213)	43(8479)	2(8177)	66(5873)	154(4073)	85(2349)	167(5670)	39(6132)	147(7807)	152(6543)	35(8775)	106(7477)	98(6617)
44	198(2619)	39(9175)	57(9979)	82(3134)	197(4900)	87(7875)	170(6940)	173(5518)	144(2276)	166(6953)	163(18)	191(8130)	145(2888)	54(4113)	3(2165)	79(9988)
75	141(9237)	86(259)	4(7044)	16(4116)	92(6095)	69(3354)	31(7688)	37(751)	131(5902)	191(1403)	80(2187)	20(2484)	97(1883)	41(7333)	87(3244)	120(6892)	115(9140)	108(5943)	81(2609)
86	144(8808)	59(1293)	189(1115)	18(7517)	45(8207)	46(7512)	34(6435)	115(4291)	177(7010)	180(4604)	75(259)	120(5230)	58(5989)	142(1663)	53(7353)	126(937)	157(4447)	84(195)	64(414)	184(801)	197(9714)	117(4220)	48(3588)
145	55(3342)	123(8804)	71(6127)	78(7244)	100(5512)	1(648)	26(6697)	174(7252)	110(6099)	136(1769)	142(5378)	20(8099)	108(521)	44(2888)	200(2753)	64(2685)	47(9483)
40	39(2489)	71(2826)	68(5800)	136(4658)	108(8883)	21(2199)	101(2885)	144(7772)	96(5739)	189(4263)	8(3193)	80(9657)	162(3056)	23(8336)	120(7760)	184(4306)	30(9818)	181(2338)	1(9047)
198	141(2621)	84(5999)	159(8330)	77(5081)	65(3575)	36(6280)	170(8089)	41(7215)	1(1724)	154(5078)	132(2393)	134(4071)	44(2619)	188(9114)	16(2223)	117(3936)	123(3493)	69(6284)	50(3798)	28(366)	128(1860)	189(9430)
104	42(2726)	84(5330)	96(9639)	179(8827)	142(6236)	123(9213)	1(6647)	126(8615)	197(4174)	169(3712)	141(8162)	192(4219)	25(4899)	172(561)	78(1377)	200(7083)	99(9140)
5	146(5308)	200(4009)	112(1522)	64(7836)	56(8262)	120(1862)	142(1195)	81(2469)	17(2514)	23(9432)	2(8026)	90(8919)	182(8806)	51(22)	25(3496)	83(8407)	147(1087)
66	130(5826)	89(3012)	68(8312)	54(2906)	112(2271)	142(777)	65(6930)	20(2667)	24(5879)	93(5873)	94(3424)	26(2747)	17(6176)	80(2902)	6(6627)	84(7710)	69(824)	156(2965)	41(4654)	102(3328)
23	143(7543)	165(208)	40(8336)	27(9054)	195(3179)	125(922)	19(8560)	45(8074)	118(5079)	135(4560)	99(6485)	71(3316)	96(2431)	21(5183)	167(2133)	48(4485)	137(7591)	161(6863)	112(3201)	188(4236)	166(8077)	5(9432)
83	25(9569)	117(8516)	151(162)	31(6588)	76(4424)	78(3955)	17(4615)	149(6823)	167(8200)	6(4949)	185(9306)	5(8407)	165(1555)	11(4211)	64(2716)
153	173(7613)	77(4483)	133(8437)	33(6574)	99(4560)	143(9940)	50(4905)	72(541)	165(897)	67(6204)	100(9522)	70(6532)	29(5446)	25(2477)	17(8545)	164(8748)
62	193(6610)	97(9163)	53(153)	105(2736)	107(5324)	116(7419)	34(9864)	18(1926)	29(9692)	10(4816)	120(3851)	12(5676)	42(3249)	121(4145)	103(8383)	154(3238)	88(9007)	152(7404)	161(4144)	115(1913)
46	86(7512)	195(8206)	173(2969)	57(2413)	152(9550)	176(9923)	80(7968)	138(2860)	54(9328)	196(9632)	31(5964)	193(199)	194(2429)	123(132)	119(2687)	73(5109)
159	124(6580)	42(5951)	61(49)	194(9391)	126(2980)	131(4355)	1(7420)	74(8960)	198(8330)	87(19)	160(4243)	180(5757)	6(9500)	193(3786)	36(6043)	129(6895)	2(1397)	73(4969)	120(5811)	84(8763)	4(6133)	43(9621)	100(6567)	52(7816)	51(3017)
99	59(671)	133(2090)	23(6485)	31(8583)	174(5675)	132(6234)	153(4560)	127(1408)	38(6169)	18(5717)	151(4990)	183(3577)	1(2367)	193(4566)	194(5832)	104(9140)	157(6818)	182(2897)	74(7031)	37(7757)
57	186(8815)	3(1239)	10(9988)	160(2058)	59(2689)	44(9979)	106(4868)	131(6342)	94(558)	46(2413)	84(6563)	155(893)	30(5668)	34(5471)	13(6850)	12(9416)	35(3693)	67(8012)	64(810)	162(6483)	185(9772)	18(4216)	47(9584)	80(8722)	116(656)	183(9093)	184(7592)	85(6678)	45(4630)	79(2330)
132	198(2393)	113(5383)	19(3157)	25(219)	22(1560)	99(6234)	182(6433)	51(6107)	121(3867)	37(821)	138(5667)	38(6092)	85(3873)	82(4162)	147(2847)	28(5604)	6(1514)	128(2789)
155	14(4446)	98(5515)	96(1251)	194(6768)	57(893)	120(6822)	25(3242)	139(2100)	65(5533)	126(307)	123(3251)	137(5736)	61(5301)	37(609)	140(5001)	142(6613)	143(2442)	148(6603)	112(7915)
65	26(9434)	175(7920)	95(6605)	43(5805)	71(439)	140(5376)	152(3595)	123(9599)	77(4069)	198(3575)	199(11)	35(8910)	134(9956)	97(6170)	102(1652)	165(3705)	66(6930)	155(5533)	81(3054)	74(6617)
101	30(6979)	21(2775)	188(8531)	55(6050)	56(3516)	129(8821)	184(9591)	138(2902)	143(4042)	34(3383)	157(1393)	171(4083)	59(1804)	40(2885)	144(3619)	3(3381)	113(5024)	81(4493)	163(6033)	79(3205)
47	6(274)	70(2236)	57(9584)	146(2959)	189(5939)	182(8382)	31(7840)	142(5297)	58(1229)	190(5892)	129(9533)	14(7898)	11(8727)	76(2138)	114(9480)	145(9483)
180	126(7176)	86(4604)	191(6312)	31(3598)	167(6183)	89(6612)	160(624)	149(3407)	9(5995)	59(2435)	85(5525)	179(664)	105(341)	159(5757)	114(8490)	39(9506)
29	114(9478)	62(9692)	172(5830)	111(1005)	100(1642)	156(5083)	121(4537)	148(3252)	144(6452)	109(6873)	153(5446)	13(2784)	78(8190)	184(9797)	67(3449)
143	177(3884)	153(9940)	15(1041)	22(8603)	81(9810)	43(1171)	129(8021)	98(4300)	6(3110)	36(5111)	96(9274)	108(972)	186(8430)	155(2442)	176(5062)	23(7543)	25(108)	14(5848)	101(4042)	76(1079)
113	88(7322)	33(652)	101(5024)	116(8036)	190(697)	96(712)	132(5383)	184(4999)	105(3388)	91(4626)	26(5553)	72(8782)	187(6332)	103(5248)	80(917)	108(4342)	136(1984)
194	135(5726)	136(2496)	92(426)	162(1483)	114(949)	73(8521)	155(6768)	46(2429)	200(2915)	159(9391)	42(6498)	139(6966)	99(5832)	130(9429)	79(5784)
139	73(4428)	98(1235)	92(6763)	158(3451)	155(2100)	194(6966)	69(9030)	94(7116)	197(1386)	181(5456)	196(3988)	90(7846)	37(8208)	176(8186)	182(2354)	162(4510)	9(8701)	133(4719)	127(2526)
59	199(8958)	41(284)	72(7154)	99(671)	12(761)	70(8055)	149(2405)	112(4585)	24(6941)	13(9801)	162(391)	147(2651)	58(5735)	101(1804)	11(3203)	180(2435)	87(4628)	168(4170)	86(1293)	141(9126)	74(4470)	57(2689)	30(4458)
105	116(7899)	89(2736)	55(8477)	113(3388)	95(6026)	13(6821)	49(9278)	183(7722)	180(341)	120(9333)	62(2736)	164(4661)	190(2518)	119(9930)	185(1033)
14	131(358)	175(6718)	128(9662)	127(5682)	161(4275)	31(1945)	60(2464)	169(4333)	126(9602)	53(9197)	47(7898)	106(7912)	177(6741)	82(3283)	149(4352)	118(373)	123(2733)	141(4477)	43(3199)	26(3841)	155(4446)	160(7860)	119(960)	143(5848)	94(3551)	187(4874)	73(4106)
157	175(1597)	26(7)	86(4447)	187(7184)	2(8643)	28(6880)	15(2136)	101(1393)	99(6818)	11(8497)	128(6815)	72(604)	24(9540)	119(9158)	137(5286)	158(1881)
119	80(108)	157(9158)	84(6417)	90(928)	95(8126)	14(960)	79(4117)	169(3511)	195(617)	32(1914)	19(7406)	46(2687)	196(2824)	105(9930)	154(741)	170(275)	121(6261)	87(518)	3(7711)	130(730)	72(6215)	30(7372)	168(1890)	37(9313)	39(1376)	163(5189)
70	156(4830)	34(2348)	59(8055)	42(9396)	175(3256)	149(2366)	153(6532)	9(2)	183(5332)	4(5285)	148(7231)	47(2236)	124(9089)	24(4670)	26(9252)	92(96)	32(9909)	17(3899)	178(3394)	168(1295)
24	164(7312)	15(8040)	61(7906)	151(784)	102(8731)	73(3509)	8(8434)	150(5669)	141(6862)	187(9327)	22(594)	157(9540)	66(5879)	59(6941)	70(4670)	55(4106)	103(8083)	48(7959)	197(9337)	177(393)	199(2838)
100	36(8612)	56(361)	15(809)	128(2584)	159(6567)	137(7178)	163(9709)	190(6674)	142(2994)	76(1793)	67(6216)	144(6605)	153(9522)	29(1642)	145(5512)	38(1369)
158	78(6367)	187(6714)	139(3451)	91(5553)	135(8348)	87(4081)	134(119)	140(4029)	181(969)	169(1709)	63(5709)	195(4912)	157(1881)	124(1870)	112(383)
134	36(979)	146(9556)	65(9956)	38(4730)	198(4071)	79(5792)	84(9312)	126(5002)	131(6293)	158(119)	16(5203)	175(4489)	71(7485)	11(294)	135(276)	197(6225)	92(610)
18	142(332)	57(4216)	120(44)	133(2702)	118(6388)	146(9000)	167(7625)	16(8663)	154(453)	171(4403)	12(1520)	80(5252)	62(1926)	148(589)	95(6122)	99(5717)	150(5150)	149(2664)	111(785)	86(7517)	173(7256)	170(4989)
193	152(5444)	114(4000)	159(3786)	173(4808)	79(7737)	21(494)	62(6610)	99(4566)	167(8116)	55(8583)	189(2375)	96(8831)	58(6166)	28(9441)	123(7460)	46(199)
196	125(4519)	117(3366)	103(696)	46(9632)	112(5663)	39(9267)	61(5577)	161(9729)	119(2824)	185(1339)	188(88)	139(3988)	128(1760)	95(231)	26(6754)
182	47(8382)	99(2897)	35(7369)	54(438)	56(7267)	74(1873)	107(8313)	27(6234)	133(8241)	132(6433)	171(4704)	2(7908)	139(2354)	5(8806)	64(4701)	21(2447)
56	77(7923)	117(1934)	100(361)	5(8262)	16(9828)	15(2334)	52(2416)	127(3031)	88(3375)	61(1315)	101(3516)	20(7194)	161(9811)	7(6616)	179(5284)	182(7267)	28(5375)	124(552)
7	56(6616)	53(179)	63(9920)	84(4061)	156(7027)	187(9522)	87(4976)	121(8739)	146(4823)	150(9031)	165(6019)	27(4888)	10(2904)	71(8206)	125(5670)
22	92(5592)	15(3571)	42(3783)	114(9960)	192(4606)	132(1560)	64(4257)	71(3243)	108(9656)	168(4356)	177(8713)	24(594)	41(1374)	131(6075)	11(8425)	144(9362)	146(3620)	143(8603)
174	130(4481)	89(858)	135(6977)	91(3418)	99(5675)	90(6914)	73(2581)	125(9048)	72(2019)	68(7082)	136(5711)	122(8205)	172(3433)	149(2824)	145(7252)	151(1846)	108(5669)	179(1886)
34	70(2348)	142(7791)	2(315)	86(6435)	72(2540)	58(8824)	179(8528)	57(5471)	168(3923)	55(7174)	199(8196)	156(8641)	181(5267)	27(8912)	62(9864)	12(6690)	53(236)	101(3383)	147(9758)	15(7961)
53	156(4662)	34(236)	48(3578)	71(9285)	114(7352)	150(662)	54(8361)	14(9197)	86(7353)	183(5304)	62(153)	85(1227)	177(9852)	7(179)	12(7001)	125(8054)
35	93(8775)	65(8910)	16(839)	184(7437)	49(3098)	110(4985)	178(5774)	172(992)	41(6749)	64(6071)	166(2816)	57(3693)	8(3160)	144(3087)	114(490)	118(8640)	31(9855)	39(853)	182(7369)
48	25(3214)	135(8869)	53(3578)	162(201)	28(2803)	36(7266)	86(3588)	152(5835)	130(7921)	23(4485)	85(2792)	124(2593)	33(914)	141(7941)	24(7959)
183	96(5939)	57(9093)	164(615)	102(9634)	88(5547)	38(5213)	70(5332)	125(9920)	26(4842)	160(9293)	53(5304)	81(3061)	11(594)	105(7722)	112(9037)	99(3577)
16	198(2223)	18(8663)	36(1555)	41(2747)	12(8068)	185(6280)	109(1469)	200(2848)	134(5203)	56(9828)	110(4252)	42(2596)	150(1680)	171(3482)	127(9807)	55(6680)	27(8673)	75(4116)	90(4558)	68(5894)	178(1714)	35(839)	92(2896)
33	144(4841)	170(3648)	82(3577)	61(1837)	48(914)	138(6960)	173(5949)	55(1252)	171(3913)	97(5671)	19(6938)	125(67)	89(3089)	176(3258)	113(652)	110(1986)	74(3642)	20(6387)	153(6574)
30	42(263)	1(4612)	57(5668)	101(6979)	144(1616)	148(4760)	43(6233)	185(3846)	2(2455)	130(1356)	79(503)	59(4458)	40(9818)	94(6976)	106(7819)	78(5469)	119(7372)	71(9294)
138	33(6960)	178(6589)	101(2902)	132(5667)	43(7965)	1(7896)	51(8755)	76(5683)	46(2860)	188(892)	125(9932)	117(7762)	160(9902)	26(7027)	92(8080)	173(8555)	54(6261)	140(5446)	200(678)	71(1229)	27(5918)	169(7498)
43	143(1171)	65(5805)	93(8479)	13(5400)	30(6233)	131(8231)	177(9544)	20(8105)	133(8488)	108(8964)	14(3199)	164(6849)	3(7313)	167(8120)	130(2685)	138(7965)	118(8008)	200(8943)	159(9621)	97(3906)	79(5052)	140(4482)
84	66(7710)	136(4270)	198(5999)	95(3812)	85(9888)	134(9312)	7(4061)	86(195)	159(8763)	170(2436)	107(2954)	154(5421)	137(4367)	57(6563)	80(4645)	119(6417)	104(5330)
184	6(8021)	123(2832)	113(4999)	129(5623)	136(6682)	29(9797)	135(7629)	28(4164)	164(9774)	35(7437)	128(6339)	130(8488)	188(198)	40(4306)	101(9591)	86(801)	57(7592)	81(4485)	10(3207)	144(5222)	175(9107)
123	198(3493)	128(1602)	155(3251)	46(132)	65(9599)	14(2733)	6(13)	104(9213)	107(4581)	36(6226)	193(7460)	89(1723)	118(2088)	184(2832)	103(8756)	124(6490)	145(8804)
187	7(9522)	175(2864)	157(7184)	169(9225)	10(4786)	37(4105)	158(6714)	14(4874)	42(3075)	149(9580)	200(6767)	19(107)	107(2610)	167(9538)	24(9327)	181(7956)	165(1291)	50(2485)	176(1128)	113(6332)	154(1808)
178	130(615)	70(3394)	151(5979)	17(7464)	49(9747)	72(5128)	13(4194)	11(1696)	138(6589)	35(5774)	28(3642)	120(8906)	16(1714)	102(1334)	177(7547)	136(2752)	76(8433)
173	17(7312)	20(2676)	61(4803)	125(2615)	112(7338)	168(3859)	32(9631)	148(6725)	192(2550)	138(8555)	135(5664)	33(5949)	18(7256)	121(2976)	166(6917)	44(5518)	153(7613)	193(4808)	46(2969)	1(2069)	144(8693)	82(591)	163(5799)	179(4234)	95(4092)
49	160(8648)	154(2962)	178(9747)	192(3113)	35(3098)	1(2437)	112(2935)	71(3441)	133(5167)	36(953)	163(4688)	117(2896)	105(9278)	109(7520)	4(619)	96(9901)	171(9736)
144	44(2276)	148(3617)	35(3087)	40(7772)	29(6452)	68(2277)	195(652)	102(7884)	184(5222)	3(285)	115(3825)	111(5456)	86(8808)	22(9362)	135(6396)	90(6223)	98(7198)	30(1616)	33(4841)	13(9987)	173(8693)	101(3619)	100(6605)
165	110(4097)	23(208)	79(3768)	187(1291)	21(2151)	65(3705)	166(4221)	74(2602)	124(9797)	6(6473)	50(2667)	83(1555)	41(3741)	153(897)	121(7147)	7(6019)
133	27(7749)	168(899)	99(2090)	139(4719)	182(8241)	67(3802)	39(8145)	190(9958)	85(836)	49(5167)	80(7217)	77(2481)	18(2702)	153(8437)	111(6767)	112(9083)	136(3739)	43(8488)	191(4296)
136	197(9068)	121(1320)	109(8658)	88(9026)	54(1794)	170(1529)	145(1769)	179(6711)	174(5711)	25(9251)	184(6682)	178(2752)	195(4279)	32(3823)	84(4270)	133(3739)	26(7200)	40(4658)	81(1409)	161(3866)	168(9519)	194(2496)	199(7783)	85(6221)	113(1984)	124(7388)
167	127(3756)	83(8200)	85(8110)	146(52)	147(5546)	23(2133)	187(9538)	87(1022)	3(3877)	93(5670)	188(6549)	18(7625)	180(6183)	129(5370)	166(7080)	45(1163)	43(8120)	79(820)	193(8116)	131(6269)	199(2001)
162	6(6897)	139(4510)	121(1977)	45(3436)	4(3924)	98(6139)	59(391)	40(3056)	111(8771)	48(201)	194(1483)	122(3518)	57(6483)	179(9718)	199(7749)	96(3737)	186(6114)
13	43(5400)	178(4194)	45(1794)	105(6821)	29(2784)	144(9987)	50(758)	57(6850)	77(8638)	59(9801)	97(7026)	163(3870)	151(9629)	135(861)	172(2070)
111	133(6767)	27(3101)	152(1940)	106(6460)	29(1005)	197(4083)	114(2027)	130(9137)	21(3060)	191(5723)	162(8771)	18(785)	160(9702)	144(5456)	64(2663)	28(4495)
121	148(8115)	55(44)	156(195)	175(8821)	74(1468)	165(7147)	168(7186)	62(4145)	92(3819)	64(771)	197(6502)	29(4537)	58(8818)	32(1615)	191(8606)	162(1977)	132(3867)	4(7639)	80(2257)	119(6261)	136(1320)	7(8739)	173(2976)
120	5(1862)	28(8874)	94(2733)	72(2287)	95(1104)	155(6822)	60(2231)	51(5675)	62(3851)	18(44)	185(556)	45(5279)	179(3327)	75(6892)	64(2385)	26(5788)	86(5230)	164(5926)	159(5811)	178(8906)	105(9333)	40(7760)
88	62(9007)	32(8129)	19(2002)	10(2539)	89(6267)	113(7322)	136(9026)	38(502)	161(1726)	125(5012)	6(2039)	20(3014)	151(2295)	36(7759)	94(4629)	150(6770)	183(5547)	87(8011)	115(6611)	56(3375)
8	31(3987)	69(8815)	17(3535)	24(8434)	26(8342)	199(1918)	35(3160)	27(3483)	168(2076)	122(5338)	28(9996)	177(8508)	58(4708)	71(5829)	40(3193)	72(7308)	25(3949)	175(1022)	152(1257)	189(2780)	130(55)	73(4528)	87(2833)
11	25(5057)	59(3203)	22(8425)	47(8727)	150(4802)	157(8497)	178(1696)	2(1873)	1(1913)	77(815)	181(8448)	81(7299)	83(4211)	124(6180)	185(2045)	28(2275)	183(594)	131(833)	10(8988)	134(294)
55	33(1252)	101(6050)	24(4106)	166(3686)	121(44)	16(6680)	188(5181)	193(8583)	145(3342)	149(3088)	169(7795)	34(7174)	1(6399)	105(8477)	82(3547)
2	26(2328)	6(8847)	17(5409)	182(7908)	93(8177)	131(7005)	34(315)	11(1873)	142(7731)	127(9365)	30(2455)	170(9342)	172(1438)	157(8643)	159(1397)	42(1689)	5(8026)
127	161(6643)	26(9896)	39(6103)	137(4069)	2(9365)	14(5682)	60(1402)	156(6372)	139(2526)	146(8151)	4(6808)	56(3031)	135(1752)	160(7534)	50(3622)	16(9807)	99(1408)	167(3756)
38	99(6169)	130(5227)	146(4400)	87(2975)	100(1369)	91(7087)	88(502)	132(6092)	183(5213)	126(5441)	12(6699)	134(4730)	147(8391)	108(8712)	109(4945)
97	43(3906)	112(7969)	75(1883)	137(4667)	185(7065)	64(2201)	188(4695)	192(6411)	13(7026)	80(7213)	52(9063)	81(8866)	140(6527)	33(5671)	73(6534)	62(9163)	65(6170)
1	92(647)	49(2437)	125(2909)	173(2069)	160(6461)	159(7420)	104(6647)	170(2620)	150(2183)	30(4612)	138(7896)	145(648)	200(8021)	26(4122)	198(1724)	140(546)	27(7905)	40(9047)	61(9146)	55(6399)	163(8164)	99(2367)	117(2597)	80(982)	11(1913)	114(508)	169(8700)
118	31(6949)	43(8008)	14(373)	123(2088)	85(1102)	23(5079)	4(3626)	181(8129)	110(9403)	128(6289)	166(3979)	35(8640)	45(5918)	6(8547)	18(6388)	177(8279)
175	129(7121)	70(3256)	169(9164)	8(1022)	121(8821)	65(7920)	184(9107)	187(2864)	199(3779)	172(5353)	14(6718)	156(2205)	26(6165)	134(4489)	197(5909)	58(3675)	157(1597)	27(210)	67(5048)
36	80(2032)	100(8612)	198(6280)	143(5111)	134(979)	48(7266)	49(953)	16(1555)	150(116)	9(5284)	67(2380)	148(9550)	130(7589)	123(6226)	88(7759)	42(4917)	159(6043)	32(7329)
31	114(7617)	180(3598)	35(9855)	46(5964)	4(399)	50(2598)	75(7688)	190(5055)	21(2556)	199(5564)	83(6588)	10(1184)	146(2837)	8(3987)	112(5231)	118(6949)	14(1945)	47(7840)	99(8583)	3(3031)	51(3739)
112	23(3201)	141(130)	181(2524)	106(4854)	77(3500)	97(7969)	149(8736)	103(7409)	80(5208)	95(555)	155(7915)	45(9496)	158(383)	196(5663)	164(1492)	133(9083)	5(1522)	66(2271)	59(4585)	31(5231)	107(7448)	49(2935)	183(9037)	50(6454)	60(2570)	128(7645)	173(7338)	54(2279)
92	128(556)	22(5592)	138(8080)	70(96)	1(647)	194(426)	75(6095)	20(1704)	94(6085)	186(7980)	32(3395)	139(6763)	130(4320)	108(1844)	63(9006)	177(3182)	16(2896)	134(610)	121(3819)
106	190(3305)	3(6521)	77(9161)	14(7912)	181(5332)	57(4868)	115(9598)	141(674)	112(4854)	20(8785)	30(7819)	4(4769)	64(256)	93(7477)	26(6940)	111(6460)
185	148(2814)	197(3140)	50(3968)	11(2045)	60(6670)	120(556)	57(9772)	52(8925)	171(5113)	83(9306)	16(6280)	19(5896)	196(1339)	105(1033)	90(7284)	188(700)	181(9712)	109(6644)	141(6820)	76(3674)	108(8699)	154(1448)	30(3846)	97(7065)	25(3573)
108	40(8883)	92(1844)	75(5943)	22(9656)	90(9076)	126(525)	38(8712)	200(9976)	17(1942)	174(5669)	113(4342)	156(7039)	27(9929)	74(8251)	185(8699)	43(8964)	145(521)	143(972)
115	94(3350)	81(2608)	106(9598)	62(1913)	39(983)	91(1105)	129(7465)	61(3324)	52(4973)	176(8236)	75(9140)	25(9233)	9(7827)	128(9072)	90(1117)	144(3825)	152(4383)	166(3001)	117(1399)	80(1417)	146(9828)	86(4291)	76(7291)	114(3112)	88(6611)	98(5825)
109	51(662)	29(6873)	49(7520)	129(2464)	79(9677)	37(2135)	19(8397)	136(8658)	169(382)	185(6644)	16(1469)	38(4945)	152(2743)	81(2519)	54(7832)	94(1299)
131	163(8625)	11(833)	61(6924)	64(4631)	63(5257)	9(700)	75(5902)	134(6293)	43(8231)	98(4614)	159(4355)	22(6075)	14(358)	82(3457)	167(6269)	2(7005)	103(2920)	21(3748)	57(6342)
172	77(4771)	60(2781)	200(6888)	42(5383)	72(3153)	174(3433)	73(2239)	164(9550)	29(5830)	102(6572)	80(7715)	104(561)	175(5353)	35(992)	2(1438)	125(8515)	13(2070)
4	70(5285)	72(6508)	126(2625)	106(4769)	190(7536)	78(8058)	89(6363)	195(2490)	90(9446)	127(6808)	49(619)	54(313)	162(3924)	121(7639)	31(399)	159(6133)	75(7044)	107(4383)	118(3626)	135(7582)	52(9267)	116(6771)
72	4(6508)	9(794)	120(2287)	157(604)	12(3626)	114(8350)	172(3153)	153(541)	96(859)	171(8573)	89(4836)	51(4882)	174(2019)	113(8782)	102(3377)	34(2540)	25(2332)	59(7154)	78(5839)	119(6215)	8(7308)	178(5128)	146(4264)
15	100(809)	34(7961)	24(8040)	163(818)	143(1041)	169(7485)	54(8983)	25(7019)	56(2334)	107(4589)	190(6854)	22(3571)	94(9606)	157(2136)	42(1789)
191	37(3573)	87(6921)	75(1403)	44(8130)	181(4844)	180(6312)	133(4296)	77(5135)	186(8255)	94(8318)	103(9683)	111(5723)	126(3989)	176(3352)	121(8606)	50(5026)
107	123(4581)	112(7448)	4(4383)	114(2032)	182(8313)	37(1144)	169(668)	116(9864)	84(2954)	41(8116)	176(6806)	146(7862)	15(4589)	62(5324)	187(2610)	60(52)	52(3647)
141	154(3188)	79(7918)	24(6862)	6(8200)	198(2621)	106(674)	63(5607)	75(9237)	150(2634)	112(130)	114(6388)	76(1969)	48(7941)	124(168)	14(4477)	164(6499)	185(6820)	59(9126)	64(158)	81(4032)	68(3540)	104(8162)	137(7872)
171	49(9736)	10(2029)	18(4403)	101(4083)	67(1394)	182(4704)	94(9959)	71(6702)	72(8573)	16(3482)	61(6888)	188(6981)	33(3913)	185(5113)	6(3722)
124	42(3496)	67(1880)	77(8896)	158(1870)	48(2593)	141(168)	123(6490)	165(9797)	136(7388)	11(6180)	45(3290)	159(6580)	20(392)	147(9014)	56(552)	70(9089)
79	161(8395)	167(820)	193(7737)	141(7918)	165(3768)	96(3059)	194(5784)	57(2330)	42(9404)	30(503)	117(9043)	109(9677)	101(3205)	166(8726)	134(5792)	129(7314)	43(5052)	58(2365)	44(9988)	119(4117)	152(6519)	89(5169)
186	188(5027)	68(2528)	92(7980)	116(8639)	71(7143)	162(6114)	189(8128)	152(2075)	179(9993)	191(8255)	58(8993)	143(8430)	195(2099)	103(9654)	57(8815)	197(1324)	42(9391)
160	138(9902)	127(7534)	159(4243)	87(8712)	180(624)	91(383)	189(1530)	57(2058)	1(6461)	77(105)	49(8648)	183(9293)	28(9059)	19(3997)	14(7860)	85(3613)	148(3995)	179(2542)	42(2382)	111(9702)
27	1(7905)	152(2124)	182(6234)	133(7749)	168(1578)	175(210)	122(84)	23(9054)	16(8673)	192(5344)	114(714)	111(3101)	108(9929)	151(5915)	138(5918)	7(4888)	78(3066)	63(3896)	34(8912)	8(3483)
90	152(4427)	185(7284)	58(7141)	73(5133)	20(7372)	139(7846)	4(9446)	119(928)	108(9076)	179(3149)	5(8919)	115(1117)	16(4558)	144(6223)	174(6914)
21	193(494)	111(3060)	80(9884)	102(6643)	31(2556)	165(2151)	154(1845)	87(2681)	85(2880)	101(2775)	131(3748)	23(5183)	71(4986)	40(2199)	182(2447)
125	58(1050)	172(8515)	138(9932)	1(2909)	76(1865)	188(230)	183(9920)	7(5670)	53(8054)	63(1315)	196(4519)	88(5012)	23(922)	173(2615)	33(67)	174(9048)	95(2917)
110	197(751)	33(1986)	85(6060)	16(4252)	137(8848)	87(1219)	64(6711)	145(6099)	103(491)	45(8317)	118(9403)	74(6731)	126(1073)	35(4985)	165(4097)
85	132(3873)	156(6669)	168(6193)	180(5525)	129(517)	93(2349)	189(1147)	20(1435)	167(8110)	84(9888)	128(4644)	48(2792)	118(1102)	87(7478)	133(836)	21(2880)	57(6678)	160(3613)	136(6221)	32(7494)	192(544)	53(1227)	110(6060)
151	24(784)	178(5979)	13(9629)	140(5289)	163(3624)	80(6728)	156(6169)	27(5915)	96(5643)	189(9732)	168(9216)	99(4990)	174(1846)	88(2295)	83(162)
19	109(8397)	95(8691)	23(8560)	80(62)	119(7406)	33(6938)	77(7013)	187(107)	88(2002)	132(3157)	195(5038)	154(4320)	152(9751)	185(5896)	160(3997)
195	144(652)	186(2099)	200(8114)	46(8206)	164(9730)	4(2490)	197(5337)	6(2233)	67(5737)	158(4912)	119(617)	23(3179)	136(4279)	61(8928)	19(5038)
87	8(2833)	85(7478)	110(1219)	21(2681)	160(8712)	94(9647)	59(4628)	61(9053)	38(2975)	158(4081)	119(518)	64(9403)	20(2639)	77(7040)	159(19)	191(6921)	88(8011)	75(3244)	44(7875)	168(9716)	164(3629)	7(4976)	167(1022)
58	147(2267)	193(6166)	47(1229)	175(3675)	186(8993)	150(4857)	79(2365)	8(4708)	130(7020)	121(8818)	34(8824)	125(1050)	98(3677)	102(6906)	86(5989)	74(7934)	152(5877)	59(5735)	90(7141)
137	155(5736)	10(5273)	127(4069)	100(7178)	42(4572)	25(5378)	102(6814)	130(5926)	84(4367)	157(5286)	188(9117)	110(8848)	141(7872)	23(7591)	67(1414)	97(4667)	52(9846)	78(1910)	91(4129)	51(1096)
71	23(3316)	142(6038)	145(6127)	81(1711)	170(1539)	53(9285)	186(7143)	8(5829)	138(1229)	30(9294)	65(439)	7(8206)	63(3007)	171(6702)	22(3243)	49(3441)	134(7485)	12(6734)	21(4986)	40(2826)
96	162(3737)	147(6736)	40(5739)	79(3059)	151(5643)	69(4815)	143(9274)	193(8831)	104(9639)	49(9901)	26(425)	113(712)	72(859)	23(2431)	183(5939)	63(5638)	155(1251)	10(807)
181	112(2524)	76(3275)	118(8129)	185(9712)	11(8448)	191(4844)	187(7956)	41(5235)	102(3585)	126(8920)	106(5332)	93(4071)	91(5060)	163(5593)	139(5456)	40(2338)	34(5267)	158(969)	51(158)
67	57(8012)	12(371)	137(1414)	200(475)	36(2380)	29(3449)	51(4225)	195(5737)	100(6216)	102(5417)	175(5048)	133(3802)	171(1394)	153(6204)	124(1880)	64(2090)	98(980)	103(1468)
80	36(2032)	115(1417)	151(6728)	121(2257)	97(7213)	112(5208)	133(7217)	179(7729)	89(7224)	19(62)	119(108)	66(2902)	172(7715)	1(982)	51(7589)	113(917)	18(5252)	57(8722)	21(9884)	84(4645)	152(9606)	75(2187)	40(9657)	46(7968)
6	141(8200)	159(9500)	143(3110)	88(2039)	165(6473)	66(6627)	129(8525)	123(13)	195(2233)	42(7265)	83(4949)	176(3512)	132(1514)	2(8847)	171(3722)	3(9006)	98(5594)	118(8547)	162(6897)	184(8021)	47(274)
122	28(9165)	189(2017)	3(9640)	148(3230)	78(6207)	162(3518)	166(6712)	135(6345)	192(1494)	128(7247)	8(5338)	174(8205)	168(1574)	27(84)	179(7377)
129	159(6895)	6(8525)	114(168)	77(2337)	79(7314)	109(2464)	25(3005)	115(7465)	47(9533)	85(517)	175(7121)	184(5623)	143(8021)	101(8821)	167(5370)
74	159(8960)	33(3642)	59(4470)	99(7031)	164(8627)	108(8251)	20(6183)	179(1223)	93(5576)	121(1468)	182(1873)	58(7934)	65(6617)	110(6731)	165(2602)	176(8129)
103	62(8383)	113(5248)	67(1468)	200(6851)	24(8083)	63(9314)	131(2920)	123(8756)	41(7917)	191(9683)	110(491)	186(9654)	114(1318)	112(7409)	196(696)
64	106(256)	131(4631)	97(2201)	177(7660)	83(2716)	81(9744)	111(2663)	130(2493)	110(6711)	141(158)	86(414)	22(4257)	120(2385)	87(9403)	67(2090)	182(4701)	5(7836)	35(6071)	57(810)	98(3909)	145(2685)	148(6419)	121(771)	102(4635)
130	8(55)	92(4320)	147(9251)	45(4994)	58(7020)	82(3349)	174(4481)	39(2414)	119(730)	30(1356)	184(8488)	194(9429)	156(2264)	64(2493)	137(5926)	190(3429)	26(5706)	36(7589)	178(615)	66(5826)	20(9048)	43(2685)	111(9137)	48(7921)	38(5227)
82	156(4691)	39(3528)	128(6834)	32(8571)	33(3577)	130(3349)	44(3134)	132(4162)	131(3457)	177(7882)	116(8491)	135(519)	55(3547)	173(591)	14(3283)
179	180(664)	126(7436)	162(9718)	80(7729)	56(5284)	186(9993)	90(3149)	74(1223)	173(4234)	52(3504)	160(2542)	136(6711)	120(3327)	34(8528)	122(7377)	50(2502)	104(8827)	174(1886)	148(6374)	116(8099)
140	17(6440)	138(5446)	43(4482)	65(5376)	169(2230)	155(5001)	1(546)	151(5289)	68(9624)	9(4163)	102(6370)	166(9829)	97(6527)	158(4029)	188(6223)
150	36(116)	135(9732)	73(8061)	9(4539)	93(9213)	141(2634)	98(2093)	142(2598)	18(5150)	53(662)	7(9031)	1(2183)	16(1680)	11(4802)	24(5669)	190(5243)	41(7278)	58(4857)	52(634)	88(6770)
135	23(4560)	4(7582)	173(5664)	158(8348)	78(6919)	174(6977)	122(6345)	184(7629)	150(9732)	144(6396)	127(1752)	10(4650)	20(6434)	190(1431)	48(8869)	82(519)	134(276)	194(5726)	13(861)
78	122(6207)	161(6310)	104(1377)	145(7244)	68(7924)	158(6367)	4(8058)	83(3955)	98(6603)	154(8423)	73(212)	10(3771)	27(3066)	72(5839)	137(1910)	12(5753)	116(2732)	29(8190)	135(6919)	30(5469)	41(63)
148	179(6374)	122(3230)	30(4760)	155(6603)	192(4834)	36(9550)	121(8115)	160(3995)	144(3617)	185(2814)	29(3252)	18(589)	173(6725)	70(7231)	64(6419)
26	147(5759)	113(5553)	66(2747)	138(7027)	145(6697)	120(5788)	2(2328)	106(6940)	130(5706)	127(9896)	136(7200)	17(1275)	175(6165)	70(9252)	95(36)	96(425)	1(4122)	116(4221)	60(701)	183(4842)	196(6754)	14(3841)	8(8342)	157(7)	65(9434)	51(9329)
63	71(3007)	92(9006)	7(9920)	158(5709)	131(5257)	96(5638)	102(5806)	103(9314)	141(5607)	77(5873)	27(3896)	125(1315)	169(5160)	95(5264)	69(2323)	9(1753)
73	78(212)	8(4528)	159(4969)	24(3509)	174(2581)	14(4106)	42(9154)	46(5109)	77(2438)	172(2239)	90(5133)	194(8521)	97(6534)	150(8061)	139(4428)	149(5233)
28	161(9217)	116(2638)	132(5604)	178(3642)	184(4164)	111(4495)	157(6880)	20(2234)	122(9165)	198(366)	11(2275)	48(2803)	8(9996)	188(3816)	56(5375)	120(8874)	76(3705)	160(9059)	193(9441)
128	184(6339)	115(9072)	123(1602)	50(2987)	132(2789)	92(556)	157(6815)	198(1860)	100(2584)	82(6834)	196(1760)	14(9662)	190(2968)	112(7645)	85(4644)	118(6289)	122(7247)	12(7542)
149	14(4352)	59(2405)	83(6823)	188(1003)	187(9580)	174(2824)	73(5233)	55(3088)	190(3755)	163(9897)	176(2255)	180(3407)	147(6379)	70(2366)	112(8736)	18(2664)
163	49(4688)	151(3624)	149(9897)	42(1278)	100(9709)	13(3870)	181(5593)	68(4920)	131(8625)	119(5189)	147(7221)	192(2762)	41(5256)	173(5799)	15(818)	44(18)	89(4055)	1(8164)	101(6033)	61(448)
3	41(7212)	91(2483)	122(9640)	144(285)	119(7711)	177(7097)	101(3381)	43(7313)	31(3031)	167(3877)	44(2165)	57(1239)	106(6521)	76(7729)	6(9006)
190	149(3755)	128(2968)	106(3305)	177(1332)	17(7000)	31(5055)	15(6854)	135(1431)	61(9775)	100(6674)	150(5243)	9(3613)	105(2518)	4(7536)	113(697)	130(3429)	133(9958)	142(8070)	200(5999)	47(5892)	69(8022)
89	33(3089)	76(6942)	80(7224)	79(5169)	66(3012)	81(6124)	123(1723)	4(6363)	105(2736)	180(6612)	163(4055)	88(6267)	72(4836)	174(858)	199(2446)
156	151(6169)	37(7714)	130(2264)	69(9959)	70(4830)	108(7039)	34(8641)	121(195)	175(2205)	66(2965)	42(6539)	82(4691)	154(8062)	127(6372)	53(4662)	7(7027)	85(6669)	29(5083)
68	32(7352)	144(2277)	174(7082)	16(5894)	163(4920)	52(7601)	40(5800)	141(3540)	146(3895)	25(4188)	186(2528)	66(8312)	197(8223)	78(7924)	140(9624)
20	106(8785)	130(9048)	90(7372)	87(2639)	124(392)	61(2580)	154(2398)	85(1435)	173(2676)	43(8105)	33(6387)	88(3014)	28(2234)	145(8099)	92(1704)	66(2667)	74(6183)	75(2484)	50(9507)	166(6086)	135(6434)	56(7194)	41(4203)	169(5990)
37	197(9188)	75(751)	107(1144)	99(7757)	119(9313)	25(1591)	132(821)	191(3573)	139(8208)	142(6433)	187(4105)	109(2135)	200(7541)	155(609)	156(7714)
200	5(4009)	172(6888)	39(4319)	43(8943)	98(2690)	108(9976)	145(2753)	187(6767)	67(475)	104(7083)	195(8114)	37(7541)	190(5999)	194(2915)	1(8021)	138(678)	76(4623)	103(6851)	41(2622)	16(2848)	91(1988)	54(4899)	176(1709)	60(3269)	154(229)
41	103(7917)	107(8116)	66(4654)	198(7215)	181(5235)	35(6749)	147(1858)	165(3741)	78(63)	59(284)	3(7212)	75(7333)	16(2747)	154(901)	163(5256)	20(4203)	91(7776)	200(2622)	22(1374)	150(7278)
126	14(9602)	86(937)	181(8920)	161(4512)	108(525)	180(7176)	4(2625)	104(8615)	191(3989)	155(307)	76(9595)	159(2980)	179(7436)	110(1073)	134(5002)	38(5441)
176	6(3512)	187(1128)	191(3352)	51(1625)	115(8236)	46(9923)	74(8129)	107(6806)	200(1709)	139(8186)	149(2255)	116(4512)	143(5062)	164(8681)	33(3258)
